City,Cloudiness,Country,Humidity,Lat,Lng,Max Temp,Wind Speed
Busselton,0,AU,77,-33.65,115.33,54.0,1.01
Waipawa,0,NZ,77,-41.41,175.52,61.0,25.28
Saint Paul Harbor,100,US,87,57.79,-152.41,34.9,10.42
Verāval,0,IN,57,20.9,70.37,67.82,13.27
Rikitea,1,PF,70,-23.12,-134.97,76.93,5.03
Cape Town,0,ZA,68,-33.93,18.42,66.0,26.4
Codrington,100,AU,95,-38.27,141.97,54.39,16.64
Ushuaia,90,AR,75,-54.8,-68.3,44.6,34.45
Benton Harbor,1,US,54,42.12,-86.45,30.2,9.17
Barkly West,32,ZA,57,-28.54,24.52,75.2,3.36
Chokurdakh,90,RU,86,70.63,147.92,-29.54,2.1
Nanortalik,0,GL,87,60.14,-45.24,27.01,5.68
Santa Isabel Rio Negro,100,BR,82,-0.41,-65.02,81.25,4.05
Zomba,96,MW,85,-15.39,35.32,71.17,1.41
Lavrentiya,100,RU,95,65.58,-171.0,16.16,18.59
Port Elizabeth,0,ZA,82,-33.92,25.57,66.2,11.41
Jamestown,90,US,63,42.1,-79.24,28.0,4.7
Mataura,6,NZ,61,-46.19,168.86,63.0,8.99
Bluff,70,NZ,61,-46.6,168.33,63.0,8.99
New Norfolk,99,AU,64,-42.78,147.06,55.99,1.01
Mount Isa,40,AU,57,-20.73,139.5,78.8,8.46
Beloha,9,MG,73,-25.17,45.05,73.24,5.12
Beïnamar,0,TD,20,8.67,15.38,76.73,2.13
Esperance,41,AU,81,-33.87,121.9,51.8,6.93
Ukhta,98,RU,96,63.57,53.68,12.38,4.12
Butaritari,88,KI,81,3.07,172.79,81.39,16.49
Qaanaaq,0,GL,63,77.48,-69.36,-1.46,7.92
Genç,100,TR,86,38.75,40.56,40.55,5.21
Yellowknife,20,CA,73,62.46,-114.35,-31.0,3.36
Nikolskoye,90,RU,92,59.7,30.79,30.2,4.47
Narsaq,20,GL,32,60.92,-46.05,37.4,19.46
Vaini,75,TO,94,-21.2,-175.2,75.2,18.34
Kavieng,100,PG,72,-2.57,150.8,82.81,4.36
Zhigansk,69,RU,80,66.77,123.37,-40.72,6.89
Kapaa,20,US,78,22.08,-159.32,78.8,13.87
Severo-Kuril'sk,99,RU,95,50.68,156.12,30.36,11.32
Lorengau,98,PG,78,-2.02,147.27,80.73,1.57
Mabaruma,80,GY,77,8.2,-59.78,81.91,4.54
Albany,48,US,34,42.6,-73.97,30.99,5.01
San Policarpo,100,PH,82,12.18,125.51,80.91,16.2
Bilibino,100,RU,88,68.05,166.44,-4.27,2.59
Arraial do Cabo,0,BR,66,-22.97,-42.03,87.8,18.34
Kampene,100,CD,93,-3.6,26.67,70.02,1.59
Ancud,75,CL,50,-41.87,-73.82,57.2,8.05
Kati,0,ML,41,12.74,-8.07,78.8,2.35
Avarua,84,CK,78,-21.21,-159.78,82.4,13.87
Coyhaique,75,CL,50,-45.58,-72.07,53.6,8.05
Cockburn Town,40,TC,61,21.46,-71.14,80.6,11.41
Airai,93,TL,100,-8.93,125.41,60.91,2.24
Mitrofanovka,100,RU,99,49.97,39.69,27.32,1.54
Tanglad,100,PH,87,11.29,125.58,78.62,11.07
Vila Velha,20,BR,66,-20.33,-40.29,84.2,18.34
Hermanus,0,ZA,83,-34.42,19.23,57.0,8.5
Swift Current,1,CA,79,50.28,-107.8,24.8,14.99
Stornoway,100,GB,87,58.21,-6.39,44.6,23.04
Atuona,29,PF,76,-9.8,-139.03,79.05,20.36
Provideniya,90,RU,79,64.38,-173.3,19.4,15.66
Progreso,75,MX,55,21.28,-89.67,87.8,8.05
Punta Arenas,40,CL,50,-53.15,-70.92,55.4,42.5
Castro,1,BR,82,-24.79,-50.01,72.79,8.16
East London,97,ZA,79,-33.02,27.91,69.57,7.78
Ponta Delgada,20,PT,72,37.73,-25.67,60.8,16.11
Vaitape,100,PF,78,-16.52,-151.75,81.03,19.33
Matagami,20,CA,76,49.75,-77.63,-9.4,9.17
Pekan,20,MY,94,3.48,103.4,77.0,3.36
Verkh-Usugli,45,RU,89,52.7,115.17,-13.52,1.21
Yatou,85,CN,96,37.15,122.38,23.34,6.85
Mirny,100,RU,75,62.54,113.96,-18.4,2.24
Rocha,1,UY,60,-34.48,-54.33,67.42,16.11
Sørland,40,NO,76,67.67,12.69,39.2,12.75
George Town,20,MY,100,5.41,100.34,75.2,3.36
Norcasia,54,CO,70,5.58,-74.89,80.51,3.8
Te Anau,98,NZ,71,-45.42,167.72,55.63,6.8
Ribeira Grande,40,PT,72,38.52,-28.7,60.8,12.75
Prince Rupert,90,CA,81,54.32,-130.32,42.8,12.75
LaBelle,90,US,69,26.76,-81.44,78.8,6.93
Thompson,75,CA,75,55.74,-97.86,-14.8,2.24
Hithadhoo,96,MV,71,-0.6,73.08,81.5,9.44
Marsh Harbour,99,BS,70,26.54,-77.06,78.03,6.89
San Jose,75,US,54,37.34,-121.89,60.01,3.36
Ocós,40,GT,59,14.51,-92.19,89.6,9.17
Norman Wells,75,CA,75,65.28,-126.83,-18.4,9.17
Namatanai,91,PG,80,-3.67,152.43,79.92,2.06
Quatre Cocos,40,MU,88,-20.21,57.76,77.0,13.87
San Cristobal,40,VE,70,7.77,-72.22,84.2,8.05
Puerto Ayora,40,EC,65,-0.74,-90.35,80.6,9.55
Alice Springs,75,AU,23,-23.7,133.88,86.0,6.93
Fortuna,100,US,93,40.6,-124.16,51.01,7.0
Teguise,20,ES,82,29.06,-13.56,64.4,8.05
Jumla,0,NP,70,29.27,82.18,33.28,7.02
Dikson,0,RU,85,73.51,80.55,-20.24,2.73
Toora-Khem,100,RU,92,52.47,96.11,5.9,2.01
Port Alfred,0,ZA,88,-33.59,26.89,66.99,4.0
Torbay,90,CA,86,47.67,-52.73,35.01,38.03
Tuatapere,57,NZ,61,-46.13,167.68,63.0,8.99
Palmerston,60,AU,100,-12.49,130.98,77.0,2.44
High Rock,40,BS,78,26.62,-78.28,78.8,5.82
Tuktoyaktuk,75,CA,76,69.45,-133.04,-9.4,9.17
Guerrero Negro,0,MX,32,27.98,-114.06,68.77,4.12
Inírida,99,CO,79,3.87,-67.92,83.88,2.86
Laas,40,IT,86,46.62,10.7,30.2,2.24
Saskylakh,7,RU,83,71.92,114.08,-30.21,5.08
Mahibadhoo,14,MV,74,3.78,72.97,81.61,10.31
Ilulissat,40,GL,53,69.22,-51.1,26.6,19.46
Cabo San Lucas,40,MX,47,22.89,-109.91,78.01,4.7
Padang,100,ID,75,-0.95,100.35,77.74,4.18
Iracoubo,100,GF,77,5.48,-53.2,81.45,9.26
Chimoré,86,BO,60,-16.98,-65.13,85.64,3.13
Toyooka,100,JP,88,35.53,134.83,35.08,7.11
Hilo,20,US,78,19.73,-155.09,75.2,4.7
Touros,0,BR,70,-5.2,-35.46,84.2,17.22
Fort-Shevchenko,6,KZ,74,44.51,50.26,36.95,29.21
Yulara,90,AU,78,-25.24,130.99,73.4,14.99
Upernavik,0,GL,82,72.79,-56.15,9.19,3.78
Presidencia Roque Sáenz Peña,66,AR,52,-26.79,-60.44,90.0,1.99
Andenes,90,NO,80,69.31,16.12,35.6,10.29
San Patricio,90,US,63,28.02,-97.52,66.99,6.93
Clyde River,20,CA,77,70.47,-68.59,-2.2,17.22
Guiyang,90,CN,92,26.58,106.72,30.2,6.71
Lata,100,PT,74,40.16,-8.33,57.0,5.01
Peniche,100,PT,82,39.36,-9.38,61.0,11.01
Bonthe,67,SL,83,7.53,-12.51,79.54,7.07
Sidi Ali,18,DZ,91,36.1,0.42,56.16,3.0
Gao,0,ML,16,16.64,1.64,79.41,10.54
Faanui,97,PF,80,-16.48,-151.75,80.17,19.28
Bambanglipuro,87,ID,96,-7.95,110.28,66.0,0.49
Pisco,75,PE,69,-13.7,-76.22,73.4,8.05
Srednekolymsk,100,RU,86,67.45,153.68,-24.56,3.49
Bayangol,8,RU,86,50.7,103.47,-9.15,3.24
Carnarvon,0,AU,83,-24.87,113.63,71.6,21.92
Lompoc,1,US,51,34.64,-120.46,64.0,12.75
Jalu,2,LY,68,29.03,21.55,55.47,6.78
Champerico,40,GT,59,14.3,-91.92,89.6,9.17
Kaitangata,37,NZ,47,-46.28,169.85,61.72,13.11
Launceston,90,AU,76,-41.45,147.17,55.99,20.8
Winnemucca,90,US,69,40.97,-117.74,35.6,12.75
Copiapó,40,CL,64,-27.37,-70.33,68.0,8.05
Whitianga,1,NZ,56,-36.83,175.7,64.49,4.21
Nandigāma,0,IN,90,16.78,80.3,68.92,2.77
Barrow,1,US,76,71.29,-156.79,-5.8,19.46
São Filipe,15,CV,73,14.9,-24.5,74.07,8.37
Yurla,100,RU,92,59.33,54.32,16.68,7.45
Aktau,0,KZ,58,43.65,51.2,28.4,17.9
Cherskiy,85,RU,88,68.75,161.3,-19.43,3.38
Brae,1,GB,87,60.4,-1.35,46.4,8.05
Rawson,0,AR,21,-43.3,-65.1,72.72,13.2
Bethel,1,US,40,41.37,-73.41,35.6,9.17
Jining,0,CN,79,35.41,116.58,25.27,1.95
Khandyga,100,RU,75,62.67,135.6,-47.42,0.04
Awjilah,1,LY,69,29.11,21.29,55.71,7.92
Port Macquarie,75,AU,100,-31.43,152.92,71.6,8.05
Tezu,0,IN,35,27.92,96.17,59.34,3.8
Sergeevka,12,KZ,92,53.88,67.42,7.16,10.11
Dingle,15,PH,93,11.0,122.67,74.8,7.63
Farias Brito,93,BR,28,-6.93,-39.57,92.1,3.04
Salamanca,20,ES,86,40.83,-6.0,46.0,5.82
Mehamn,100,NO,96,71.04,27.85,32.16,2.24
Santa Marta,8,CO,61,11.24,-74.2,91.99,1.01
Osterhofen,100,DE,88,48.7,13.02,37.0,3.09
Maragogi,77,BR,73,-9.01,-35.22,79.92,11.83
Puerto Suárez,40,BO,50,-18.95,-57.8,95.0,11.41
Bagan,100,RU,94,54.1,77.66,1.58,6.62
Lillooet,90,CA,86,50.69,-121.94,39.2,3.36
Todos Santos,0,MX,67,23.45,-110.22,70.0,3.0
Nakło nad Notecią,98,PL,89,53.14,17.6,36.0,5.82
Talara,20,PE,58,-4.58,-81.27,82.4,12.75
Aklavik,75,CA,75,68.22,-135.01,-16.6,5.82
Östersund,61,SE,100,63.18,14.64,28.0,3.36
Bonfim,72,BR,42,3.08,-59.95,92.91,6.82
Cayenne,0,GF,70,4.93,-52.33,86.0,11.41
Deputatsky,97,RU,86,69.3,139.9,-31.72,0.47
Yumen,43,CN,87,40.28,97.2,10.47,0.58
Mayo,1,US,44,38.89,-76.51,42.01,8.05
Mar del Plata,20,AR,36,-38.0,-57.56,64.4,18.34
Kallaste,100,EE,98,58.66,27.16,32.0,10.29
Klaksvík,100,FO,100,62.23,-6.59,42.8,10.29
Muravlenko,100,RU,88,63.79,74.52,-10.68,12.59
Zhuhai,40,CN,76,22.28,113.57,55.4,19.46
Hervey Bay,0,AU,92,-25.3,152.85,75.99,4.0
Kalininskaya,2,RU,93,45.48,38.66,36.0,6.71
Qasigiannguit,40,GL,53,68.82,-51.19,26.6,19.46
Langsa,100,ID,94,4.47,97.97,75.27,3.85
Burgos,40,ES,86,42.34,-3.71,41.0,9.17
Asău,0,RO,93,46.43,26.4,33.01,1.95
Perote,31,MX,45,19.57,-97.23,66.51,1.81
Mazyr,75,BY,99,52.05,29.25,30.56,3.94
Hobyo,0,SO,74,5.35,48.53,78.03,19.82
Constitución,0,CL,40,-35.33,-72.42,67.06,20.42
Salalah,0,OM,56,17.02,54.09,73.4,6.93
Lüderitz,0,NA,56,-26.65,15.16,71.6,23.04
Caucayá,100,CO,60,-0.19,-74.78,85.24,3.96
Wajir,0,KE,38,1.75,40.06,83.84,6.6
Matara,90,LK,81,5.95,80.54,76.53,2.93
Coţuşca,0,RO,91,48.13,26.85,37.0,1.01
Thinadhoo,99,MV,65,0.53,72.93,82.08,6.51
Rome,1,US,35,43.21,-75.46,26.6,11.41
Rantepao,100,ID,85,-2.97,119.9,67.17,3.09
Mossamedes,74,AO,81,-15.2,12.15,67.28,2.75
Hobart,75,AU,50,-42.88,147.33,55.99,12.75
Oranjestad,40,AW,74,12.52,-70.03,84.2,16.11
Bredasdorp,0,ZA,76,-34.53,20.04,57.2,1.12
Leningradskiy,100,RU,91,69.38,178.42,18.23,22.46
Goryachegorsk,100,RU,91,55.41,88.92,7.63,13.24
Sungai Petani,20,MY,100,5.65,100.49,75.2,3.36
Norrtälje,100,SE,91,59.76,18.7,46.0,11.99
Lebu,0,CL,62,-37.62,-73.65,56.64,23.6
Praia,40,CV,69,14.92,-23.51,73.4,14.99
Alakurtti,100,RU,91,66.97,30.35,21.0,2.53
Naze,90,JP,82,28.37,129.48,57.2,17.22
Singkawang,96,ID,90,0.9,109.0,75.6,2.59
Ketchikan,90,US,75,55.34,-131.65,42.8,17.22
Labuhan,100,ID,89,-6.88,112.21,77.05,8.08
Leshukonskoye,86,RU,97,64.9,45.76,12.42,4.29
Eureka,100,US,94,40.8,-124.16,52.0,3.0
Atar,0,MR,22,20.52,-13.05,71.22,9.26
Okhotsk,100,RU,85,59.38,143.3,1.33,25.59
Chapais,1,CA,69,49.78,-74.85,-9.4,12.75
Souillac,40,MU,88,-20.52,57.52,77.0,13.87
Turukhansk,100,RU,89,65.82,87.98,-17.32,11.16
Dukat,100,RU,84,62.55,155.55,-26.63,6.6
Los Mochis,5,MX,46,25.77,-108.97,75.0,2.3
Tiksi,0,RU,85,71.69,128.87,-23.75,2.75
Nālūt,13,LY,37,30.33,10.85,55.87,8.99
Inhambane,20,MZ,83,-23.86,35.38,80.6,6.93
Jumilla,13,ES,73,38.48,-1.32,46.0,4.0
Ponta do Sol,40,PT,67,32.67,-17.1,60.8,5.82
Isla Mujeres,40,MX,65,21.23,-86.73,82.4,9.17
Krasnogorskoye,100,RU,93,52.3,86.2,8.76,3.56
Kumul,0,CN,74,42.8,93.45,13.51,1.79
Viranşehir,87,TR,89,37.24,39.76,48.58,8.55
Beringovskiy,100,RU,95,63.05,179.32,13.1,9.95
Longyan,97,CN,83,25.11,117.02,50.0,4.07
Rosário Oeste,95,BR,50,-14.84,-56.43,90.37,4.38
Nkowakowa,0,ZA,68,-23.89,30.29,64.4,3.36
Khorramabad,25,IR,53,33.49,48.36,48.85,4.99
Talnakh,75,RU,83,69.49,88.4,-9.4,13.42
Parabel',63,RU,87,58.7,81.48,-15.16,3.2
Tasiilaq,75,GL,63,65.61,-37.64,26.6,3.36
Mahon,20,ES,100,39.89,4.27,53.6,4.83
Baculin,100,PH,73,7.45,126.58,78.15,7.61
Lander,1,US,68,42.83,-108.73,28.99,3.36
Umm Kaddadah,0,SD,21,13.6,26.69,71.69,13.56
Cidreira,2,BR,82,-30.18,-50.21,75.24,12.19
Gravdal,20,NO,92,68.12,13.5,30.2,6.93
Kruisfontein,1,ZA,78,-34.0,24.73,66.99,1.01
Port Hardy,75,CA,100,50.7,-127.42,46.4,8.05
Lingao,99,CN,80,19.91,109.69,64.08,14.0
Pangody,89,RU,88,65.85,74.49,-10.91,14.32
Cesena,0,IT,86,44.14,12.24,42.01,4.7
Smithers,90,CA,92,54.78,-127.17,26.6,4.7
Port Hedland,40,AU,83,-20.32,118.57,78.8,5.82
Barra do Corda,100,BR,72,-5.5,-45.25,84.13,4.16
Katakwi,85,UG,34,1.89,33.97,71.65,3.83
Hualmay,54,PE,68,-11.1,-77.61,72.61,9.42
Bambous Virieux,40,MU,88,-20.34,57.76,77.0,13.87
Kamenka,100,RU,92,51.32,42.77,19.0,6.06
Chui,0,UY,68,-33.7,-53.46,71.19,16.42
Ngunguru,11,NZ,72,-35.62,174.5,68.0,8.01
Araouane,0,ML,22,18.9,-3.53,74.93,6.58
Katsuura,20,JP,29,35.13,140.3,39.2,4.7
Campos dos Goytacazes,0,BR,62,-21.75,-41.3,84.2,18.34
Qaqortoq,20,GL,32,60.72,-46.03,37.4,19.46
Muros,100,ES,93,42.78,-9.06,54.0,1.01
Emerald,40,AU,78,-23.53,148.17,78.8,11.41
Iqaluit,90,CA,67,63.75,-68.51,19.4,10.29
Poum,0,NC,71,-20.23,164.02,78.82,10.47
Porto Santo,75,PT,63,33.07,-16.34,64.4,13.87
Ndélé,56,CF,19,8.41,20.65,76.93,3.83
Hong Kong,93,HK,75,22.29,114.16,57.99,1.01
Shimoda,0,JP,69,34.67,138.95,32.0,1.01
Senj,100,HR,67,44.99,14.91,46.33,1.88
Kargasok,83,RU,86,59.06,80.86,-15.45,3.36
Solnechnyy,100,RU,85,50.72,136.63,-3.44,2.35
Alofi,90,NU,94,-19.06,-169.92,77.0,28.86
Laguna,75,US,66,38.42,-121.42,55.0,4.7
Acaraú,65,BR,71,-2.89,-40.12,82.78,17.92
Agadez,75,NE,26,19.75,10.25,63.28,6.49
Ilhéus,78,BR,67,-14.79,-39.05,79.39,7.16
Metu,0,ET,65,8.3,35.58,59.22,2.73
Dagda,100,LV,98,56.1,27.54,25.84,6.22
Pevek,100,RU,92,69.7,170.31,14.83,12.12
Hambantota,94,LK,87,6.12,81.12,76.26,5.32
Khatanga,90,RU,84,71.97,102.5,-34.96,1.41
Muroto-misakicho,17,JP,65,33.28,134.15,42.93,16.62
Husavik,90,IS,92,66.04,-17.34,37.4,13.87
Bilma,29,NE,26,18.69,12.92,64.36,6.04
Kununurra,89,AU,100,-15.77,128.73,77.0,6.42
San Quintín,0,MX,46,30.48,-115.95,63.72,5.93
Kingisepp,100,RU,98,59.37,28.61,30.0,7.63
Bengkulu,100,ID,85,-3.8,102.27,76.44,6.31
Burnie,99,AU,72,-41.07,145.92,61.0,3.0
Maniwaki,0,CA,50,46.38,-75.97,5.0,8.05
Govlyar,40,AZ,71,40.95,45.73,35.6,6.93
Saint-Philippe,49,RE,88,-21.36,55.77,77.0,13.85
Kloulklubed,90,PW,94,7.04,134.26,77.0,20.02
Kot Samaba,0,PK,42,28.55,70.47,52.18,8.63
Temerloh,86,MY,96,3.45,102.42,72.46,1.19
Manyana,23,BW,25,-23.4,21.72,84.18,8.41
Marquette,57,US,60,46.53,-87.63,23.0,5.64
Rakai,10,UG,95,-0.72,31.48,60.1,0.72
Christchurch,0,NZ,82,-43.53,172.63,63.0,10.29
Margate,0,GB,82,51.38,1.39,50.0,1.99
Aswān,0,EG,40,24.09,32.91,59.56,9.08
Fairbanks,90,US,66,64.84,-147.72,12.2,3.36
Coquimbo,75,CL,77,-29.95,-71.34,60.8,13.87
Longyearbyen,40,SJ,66,78.22,15.64,10.4,24.16
Batemans Bay,100,AU,97,-35.72,150.18,70.0,1.32
Bolitoc,77,PH,76,15.74,119.88,77.36,3.69
Tocopilla,17,CL,48,-22.09,-70.2,71.17,4.79
Turbat,0,PK,27,26.0,63.04,57.85,20.31
Slobozia,90,MD,93,46.73,29.71,37.4,6.93
Pangnirtung,75,CA,65,66.15,-65.71,6.8,13.87
Taiyuan,0,CN,65,37.87,112.56,6.8,4.47
Charters Towers,100,AU,71,-20.1,146.27,78.8,9.78
Karasburg,0,NA,23,-28.02,18.75,70.84,7.96
Dīg,0,IN,46,27.47,77.33,52.07,5.19
Grindavik,0,IS,75,63.84,-22.43,41.0,20.8
Geraldton,40,AU,82,-28.77,114.6,66.2,10.29
Buraidah,0,SA,55,26.33,43.98,64.4,11.41
São João da Barra,0,BR,62,-21.64,-41.05,84.2,18.34
Manggar,100,ID,81,-2.88,108.27,79.97,4.54
Kavaratti,0,IN,65,10.57,72.64,81.48,3.76
Mthatha,100,ZA,93,-31.59,28.78,60.8,2.24
Porto-Novo,20,BJ,88,6.5,2.6,82.4,9.17
Izumo,75,JP,64,35.37,132.77,37.4,17.22
Aquiraz,0,BR,70,-3.9,-38.39,84.2,8.05
Cochrane,75,CA,63,51.18,-114.47,32.0,4.7
Buala,82,SB,79,-8.14,159.59,81.64,5.88
Popondetta,100,PG,93,-8.75,148.25,74.39,2.59
Vágur,96,FO,86,61.47,-6.81,47.79,9.73
Bereket,100,TM,87,39.24,55.52,32.97,19.95
Bikin,73,RU,86,46.82,134.26,-6.9,5.17
Mahébourg,40,MU,88,-20.41,57.7,77.0,13.87
Rio Grande,20,BR,58,-32.03,-52.1,82.4,13.87
Mount Gambier,90,AU,82,-37.83,140.77,55.4,13.87
Olafsvik,67,IS,82,64.89,-23.71,37.92,33.82
Saurimo,100,AO,96,-9.66,20.39,64.76,3.04
Mandalgovi,0,MN,82,45.76,106.27,0.32,12.88
Sumbawanga,75,TZ,100,-7.97,31.62,62.6,1.68
Mocuba,100,MZ,92,-16.84,36.99,76.28,2.93
Balkhash,0,KZ,87,46.84,74.98,4.93,2.66
Morant Bay,20,JM,66,17.88,-76.41,86.0,10.29
Voskresenskoye,100,RU,98,56.84,45.43,20.28,5.14
Tāndā,0,IN,43,26.55,82.65,60.89,5.93
Polunochnoye,100,RU,93,60.87,60.42,12.76,3.24
Huarmey,93,PE,67,-10.07,-78.15,73.2,11.03
Vostok,100,RU,90,46.49,135.88,-17.18,4.79
Makokou,93,GA,90,0.57,12.86,71.8,1.9
Yaan,15,NG,31,7.38,8.57,86.43,1.57
Normandin,77,CA,64,48.83,-72.53,1.4,18.34
Haines Junction,100,CA,84,60.75,-137.51,3.2,1.12
Hay River,100,CA,76,60.82,-115.8,-11.2,5.82
Banepā,20,NP,86,27.63,85.52,41.0,2.24
Salacgrīva,100,LV,94,57.75,24.36,30.0,5.01
Darnah,1,LY,75,32.77,22.64,61.05,16.6
Machico,40,PT,67,32.7,-16.77,60.8,5.82
Flinders,99,AU,97,-34.58,150.86,72.0,4.0
Ruyigi Province,86,BI,93,-3.45,30.32,58.77,2.06
Kulhudhuffushi,0,MV,66,6.62,73.07,81.95,5.68
Edgewater,20,US,64,28.99,-80.9,75.0,6.93
Celestún,100,MX,68,20.87,-90.4,80.08,6.62
Robertsport,70,LR,82,6.75,-11.37,79.95,8.43
Jiangyou,98,CN,77,31.77,104.72,40.08,0.56
Grand Gaube,34,MU,87,-20.01,57.66,77.0,11.01
Xinzhou,0,CN,73,38.41,112.73,13.5,0.96
Aykhal,75,RU,75,66.0,111.5,-16.6,6.71
Gourcy,0,BF,17,13.22,-2.35,79.21,7.4
Yangi Marg`ilon,90,UZ,90,40.43,71.72,32.0,2.24
Palmer,20,US,22,42.16,-72.33,34.0,14.99
Vung Tau,71,VN,83,10.35,107.08,77.79,8.43
Sinnamary,100,GF,79,5.38,-52.95,81.18,9.08
Bālāghāt,54,IN,59,21.8,80.18,69.12,3.04
Vestmannaeyjar,69,IS,74,63.44,-20.27,43.16,11.52
Funtua,42,NG,22,11.52,7.31,72.91,8.81
Evensk,99,RU,83,61.95,159.23,9.68,23.69
Saint Anthony,90,US,45,45.02,-93.22,26.01,5.82
Lucea,20,JM,74,18.45,-78.17,82.99,16.11
Al Bardīyah,16,LY,74,31.76,25.09,61.47,20.04
Esil,41,KZ,91,51.96,66.4,4.84,7.16
Hofn,100,IS,91,64.25,-15.21,39.47,22.06
Borba,98,BR,76,-4.39,-59.59,79.63,2.19
Luganville,75,VU,94,-15.53,167.17,78.8,2.24
Skellefteå,100,SE,100,64.75,20.95,34.0,6.93
Mata,73,PT,74,40.68,-7.46,55.0,5.01
College,90,US,72,64.86,-147.8,12.2,5.82
Staryy Nadym,76,RU,87,65.61,72.68,-9.67,13.78
Mkushi,100,ZM,88,-13.62,29.39,67.37,3.62
Hasaki,20,JP,55,35.73,140.83,32.0,6.93
Chara,52,RU,67,56.91,118.26,-23.04,0.47
Hamilton,1,US,51,39.18,-84.53,37.4,10.29
Dhārūr,21,IN,50,18.82,76.12,66.29,9.15
Shingū,2,JP,81,33.73,135.98,35.73,9.73
Potchefstroom,42,ZA,61,-26.72,27.1,70.95,8.32
Gabú,37,GW,28,12.28,-14.22,82.29,3.2
Bosaso,1,SO,68,11.28,49.18,75.13,8.03
Porto Walter,100,BR,78,-8.27,-72.74,83.01,3.22
Holme,100,DK,93,56.11,10.17,46.4,2.24
Nerchinskiy Zavod,0,RU,80,51.31,119.61,-29.78,3.18
Paamiut,96,GL,93,61.99,-49.67,31.37,6.98
Abu Samrah,88,SY,72,35.3,37.18,54.5,12.55
Moba,58,CN,91,33.23,105.02,22.42,2.98
Saldanha,0,ZA,67,-33.01,17.94,62.6,16.11
Jackson,90,US,81,42.42,-122.83,44.6,4.7
Golyshmanovo,94,RU,95,56.4,68.37,11.89,8.19
Xining,23,CN,86,36.62,101.77,10.47,2.55
Bathsheba,40,BB,70,13.22,-59.52,86.0,10.29
Swan Hill,0,AU,51,-35.34,143.55,72.37,8.28
Ostrovnoy,100,RU,95,68.05,39.51,19.47,18.14
Camacupa,94,AO,95,-12.02,17.48,62.8,4.32
Yantal',100,RU,93,56.85,105.25,13.89,9.66
Tuskegee,0,US,87,32.42,-85.69,61.0,5.99
Sarkand,0,KZ,70,45.41,79.92,9.07,2.77
Samfya,100,ZM,85,-11.36,29.56,68.92,4.38
Usinsk,93,RU,96,65.99,57.53,11.23,12.71
Nara,87,JP,50,34.69,135.8,37.99,1.01
Chicama,34,PE,77,-7.84,-79.15,69.8,9.17
Kalmunai,10,LK,83,7.42,81.82,77.07,4.38
Nhamundá,100,BR,42,-2.19,-56.71,92.64,2.28
Tura,0,IN,82,25.52,90.22,59.0,3.58
Richards Bay,100,ZA,91,-28.78,32.04,72.93,11.03
Iralaya,2,HN,73,15.0,-83.23,81.79,9.35
Cabedelo,40,BR,70,-6.98,-34.83,84.2,12.75
Vanimo,100,PG,83,-2.67,141.3,78.1,4.88
Vila Franca do Campo,20,PT,77,37.72,-25.43,60.8,17.22
Livingston,0,GB,87,55.9,-3.52,43.0,2.24
Kroya,100,ID,87,-7.63,109.25,76.59,3.83
Gizo Government Station,73,SB,73,-8.1,156.84,83.37,6.53
Baker City,90,US,93,44.77,-117.83,32.0,21.92
Tara,100,RU,96,56.89,74.37,8.13,3.6
Sandovo,81,RU,98,58.46,36.41,19.54,3.78
Grand-Santi,100,GF,91,4.25,-54.38,79.93,3.44
Burns Lake,100,CA,92,54.23,-125.75,23.0,2.24
Puerto Madryn,0,AR,21,-42.77,-65.04,73.13,14.18
At-Bashi,49,KG,75,41.17,75.81,0.34,0.81
Kiryat Gat,82,IL,52,31.61,34.76,62.01,3.0
Tateyama,20,JP,29,34.98,139.87,39.2,4.7
Tromsø,75,NO,86,69.65,18.96,33.8,11.41
Saint-Augustin,100,CA,99,51.23,-58.65,31.68,10.51
Armidale,100,AU,88,-30.52,151.65,62.01,4.94
Dakar,0,SN,83,14.69,-17.44,71.6,9.17
Prokhorovka,90,RU,100,51.04,36.73,30.2,4.47
Bahawalnagar,0,PK,47,30.55,73.39,50.86,2.8
Kudahuvadhoo,91,MV,70,2.67,72.89,81.73,2.53
Pauini,3,BR,46,-7.71,-66.98,91.08,2.75
Mayor Pablo Lagerenza,64,PY,37,-19.93,-60.77,95.94,14.27
Lahaina,40,US,61,20.88,-156.68,80.6,17.22
Kitaibaraki,8,JP,40,36.78,140.75,34.0,11.63
Orange,1,US,11,33.7,-117.77,73.4,19.46
Trelew,1,AR,17,-43.25,-65.31,76.23,18.12
Necochea,0,AR,31,-38.55,-58.74,64.47,10.42
Morro Bay,0,US,50,35.37,-120.85,64.99,1.99
Svecha,100,RU,97,58.28,47.52,17.1,7.16
Mapiripán,80,CO,67,2.89,-72.13,85.69,6.31
Saint George,1,US,36,37.1,-113.58,48.0,4.7
Urcos,75,PE,30,-13.69,-71.62,69.8,10.29
Berlevåg,75,NO,95,70.86,29.09,32.0,3.36
Ati,44,TD,16,13.22,18.34,78.87,10.4
Udachny,75,RU,75,66.42,112.4,-16.6,6.71
Raudeberg,100,NO,86,61.99,5.14,45.0,13.98
Huilong,8,CN,60,31.81,121.66,41.0,12.84
Belaya Gora,95,RU,85,68.53,146.42,-27.35,3.71
La Ronge,100,CA,77,55.1,-105.28,-2.2,8.05
Suez,2,EG,60,29.97,32.53,61.84,13.44
Sobolevo,90,RU,98,54.43,31.9,27.77,3.56
Shirokiy,0,RU,86,49.76,129.52,-17.93,7.99
Le Vauclin,44,MQ,88,14.55,-60.84,78.01,2.24
Belgrade,90,RS,93,44.8,20.47,39.2,5.82
Nemuro,14,JP,86,43.32,145.57,25.41,19.75
Kawalu,100,ID,92,-7.38,108.21,73.11,0.36
Hūn,0,LY,48,29.13,15.95,54.37,5.01
Bukama,100,CD,91,-9.2,25.85,70.3,1.99
Gafanha da Encarnação,20,PT,71,40.62,-8.73,57.2,25.28
Kovdor,100,RU,96,67.57,30.48,17.37,3.96
Chipiona,40,ES,76,36.74,-6.44,57.2,4.7
Illapel,0,CL,28,-31.63,-71.17,79.16,9.22
Suicheng,0,CN,71,33.9,117.93,28.47,2.33
Tcholliré,0,CM,19,8.4,14.17,77.41,1.14
Carutapera,84,BR,70,-1.2,-46.02,83.17,7.76
Malumfashi,63,NG,21,11.79,7.62,74.14,8.59
Barra de Tecoanapa,97,MX,59,16.52,-98.75,84.22,10.33
Chitral,80,PK,65,35.85,71.79,22.01,6.85
Rongcheng,0,CN,87,30.63,117.85,31.6,3.94
Virginia Beach,9,US,53,36.85,-75.98,45.0,1.99
Mtimbira,7,TZ,62,-8.78,36.35,78.78,4.85
Vallenar,0,CL,27,-28.57,-70.76,84.9,9.8
Houma,90,US,71,29.6,-90.72,55.99,9.17
Sisimiut,71,GL,90,66.94,-53.67,22.37,10.11
Vardø,75,NO,74,70.37,31.11,33.8,6.93
Praia,40,CV,69,14.92,-23.51,73.4,14.99
Emba,4,KZ,83,48.83,58.14,15.15,5.3
Pizarro,100,CO,83,4.95,-77.37,80.29,5.32
Saint-Joseph,43,RE,88,-21.37,55.62,77.0,14.88
Bedēsa,0,ET,34,8.9,40.78,59.74,2.95
La Palma,1,US,21,33.85,-118.05,70.0,3.36
Montrose,20,US,63,38.42,-108.27,28.0,5.82
Kieta,47,PG,76,-6.22,155.63,79.84,1.19
Killarney,40,IE,87,52.05,-9.52,46.4,11.41
Concepción del Uruguay,8,AR,59,-32.48,-58.24,78.01,4.0
Itarema,78,BR,73,-2.92,-39.92,82.18,17.45
Lodja,97,CD,78,-3.48,23.43,73.53,2.13
Havelock,75,US,61,34.88,-76.9,48.2,16.11
Pandan,13,PH,77,14.05,124.17,80.76,14.83
Storsteinnes,75,NO,100,69.24,19.23,33.8,12.75
Quiévrain,0,BE,93,50.41,3.68,44.6,8.05
Neuquén,0,AR,16,-38.95,-68.06,75.2,10.29
Bentiu,11,SS,21,9.23,29.83,80.24,4.41
Cedar City,1,US,58,37.68,-113.06,30.2,11.41
Capreol,20,CA,46,46.71,-80.92,12.0,5.82
Nipawin,75,CA,77,53.37,-104.0,-2.2,3.36
Vao,38,NC,76,-22.67,167.48,76.21,24.43
Beyneu,0,KZ,84,45.32,55.2,29.43,18.86
Viseu,20,PT,71,40.66,-7.91,57.2,25.28
Tautira,20,PF,62,-17.73,-149.15,87.8,17.22
Port-Gentil,20,GA,83,-0.72,8.78,80.6,6.93
Amahai,100,ID,86,-3.33,128.92,84.0,1.01
Pangai,75,TO,78,-19.8,-174.35,78.8,9.17
Griffith,1,US,81,41.53,-87.42,32.0,6.93
Mukdahan,76,TH,74,16.58,104.5,69.01,12.73
Faya,0,SA,87,18.39,42.45,57.2,2.13
Santa María Rayón,40,MX,28,19.14,-99.58,73.99,12.75
Inuvik,100,CA,75,68.35,-133.72,-13.0,4.7
Pasni,0,PK,32,25.26,63.47,63.88,24.09
Belmonte,40,BR,69,-15.86,-38.88,78.8,11.41
Panama City,40,PA,88,8.99,-79.52,80.6,6.93
Moerai,3,PF,77,-22.43,-151.33,79.59,14.76
Vanavara,100,RU,93,60.34,102.28,2.01,7.43
San Juan del Cesar,12,CO,65,10.77,-73.0,85.28,9.15
Mazamari,100,PE,52,-11.33,-74.53,85.24,2.3
Waddān,0,LY,49,29.16,16.14,54.57,5.53
Esso,56,RU,91,55.93,158.7,11.89,5.93
Kenora,90,CA,77,49.82,-94.43,5.0,6.93
Sokolo,0,ML,20,14.73,-6.12,79.97,4.97
Sioux Lookout,90,CA,77,50.1,-91.92,3.2,5.82
Balkanabat,100,TM,49,39.51,54.37,45.01,15.66
Otradnoye,90,RU,92,59.78,30.82,30.2,4.47
Hirara,98,JP,82,24.8,125.28,66.6,26.37
Kondopoga,100,RU,92,62.21,34.26,26.6,2.24
Sur,81,OM,49,22.57,59.53,69.6,10.83
Tignère,0,CM,22,7.37,12.65,71.89,3.06
Karwar,17,IN,60,14.8,74.13,74.82,6.46
Lagoa,100,PT,68,39.05,-27.98,60.4,20.51
Ilebo,100,CD,84,-4.32,20.58,74.08,1.19
Owando,7,CG,77,-0.48,15.9,76.75,1.25
Baturaja,100,ID,96,-4.13,104.17,74.17,0.96
Roald,75,NO,87,62.58,6.13,42.8,6.93
Dandong,0,CN,79,40.13,124.39,8.49,4.74
Alenquer,40,BR,70,-1.94,-54.74,84.2,5.82
